(1,0) =0
4,1 and 4,2 =0
5,1 and 5,2 =0
6,3 =0
7 no ones except d[0]
8 only the middle of the three
9 only leftmost
10 none of the three
11 only the middle one and the first one
12 there should be a one in col 2 and also a one in col 3,4,1,2


0 0 1 0 0 0 0 0 0 0 0 0 
1 0 0 0 1 1 0 0 0 0 0 0 
1 0 0 0 0 1 0 0 0 0 0 0 
0 1 1 0 0 0 1 0 1 0 0 0 
0 1 1 0 0 0 0 1 0 0 0 0 
0 1 1 0 0 0 0 0 1 0 0 0 
0 0 0 1 1 1 0 0 0 1 1 0 
0 0 0 1 1 1 0 0 0 0 1 0 
0 0 0 1 1 1 0 0 0 0 0 0 
0 0 0 0 0 0 1 1 1 0 0 1 
1 0 0 0 0 0 1 1 1 0 0 0 
0 0 0 0 0 0 0 0 0 1 1 0

0 0 1 0 0 0 0 0 0 0 0 0 
0 0 0 0 1 1 0 0 0 0 0 0 
1 0 0 0 0 1 0 0 0 0 0 0 
0 0 0 0 0 0 1 0 1 0 0 0 
0 0 0 0 0 0 0 1 0 0 0 0 
0 1 0 0 0 0 0 0 1 0 0 0 
0 0 0 0 0 0 0 0 0 1 1 0 
0 0 0 1 1 0 0 0 0 0 1 0 
0 0 0 1 1 0 0 0 0 0 0 0 
0 0 0 0 0 0 0 0 0 0 0 1 
0 0 0 0 0 0 1 0 0 0 0 0 
0 0 0 0 0 0 0 0 0 1 0 0 

0 0 1 0 0 0 0 0 0 0 0 0 
0 0 0 0 1 1 0 0 0 0 0 0 
1 0 0 0 0 1 0 0 0 0 0 0 
0 0 0 0 0 0 1 0 1 0 0 0 
0 0 0 0 0 0 0 1 0 0 0 0 
0 1 0 0 0 0 0 0 1 0 0 0 
0 0 0 0 0 0 0 0 0 1 1 0 
0 0 0 0 1 0 0 0 0 0 1 0 
0 0 0 1 0 0 0 0 0 0 0 0 
0 0 0 0 0 0 0 0 0 0 0 1 
1 0 0 0 0 0 1 0 0 0 0 0 
0 1 0 0 0 0 0 0 0 1 0 0 